Date,Open,High,Low,Close,Volume,Dividends,Stock Splits
2024-07-08 00:00:00-04:00,77.61000061035156,77.66000366210938,77.04000091552734,77.12999725341797,2697400,0.0,0.0
2024-07-09 00:00:00-04:00,76.95999908447266,76.97000122070312,76.30000305175781,76.66999816894531,3362800,0.0,0.0
2024-07-10 00:00:00-04:00,76.97000122070312,77.8499984741211,76.94999694824219,77.75,2984500,0.0,0.0
2024-07-11 00:00:00-04:00,78.1500015258789,78.58999633789062,77.86000061035156,77.94000244140625,3168500,0.0,0.0
2024-07-12 00:00:00-04:00,79.5199966430664,79.79000091552734,79.18000030517578,79.23999786376953,3051900,0.0,0.0
2024-07-15 00:00:00-04:00,79.1500015258789,79.1500015258789,78.04000091552734,78.12000274658203,2666900,0.0,0.0
2024-07-16 00:00:00-04:00,77.95999908447266,78.69000244140625,77.91999816894531,78.58999633789062,2668700,0.0,0.0
2024-07-17 00:00:00-04:00,78.5,79.83000183105469,78.5,79.76000213623047,3658900,0.0,0.0
2024-07-18 00:00:00-04:00,80.0,80.01000213623047,77.98999786376953,78.05999755859375,3232900,0.0,0.0
2024-07-19 00:00:00-04:00,78.33999633789062,78.76000213623047,78.16000366210938,78.70999908447266,2929800,0.0,0.0
2024-07-22 00:00:00-04:00,79.62000274658203,79.80999755859375,78.97000122070312,79.16000366210938,3521000,0.0,0.0
2024-07-23 00:00:00-04:00,78.9000015258789,79.19999694824219,78.5,79.16999816894531,2965100,0.0,0.0
2024-07-24 00:00:00-04:00,78.55000305175781,79.7699966430664,78.55000305175781,79.70999908447266,4581100,0.0,0.0
2024-07-25 00:00:00-04:00,76.63999938964844,78.66000366210938,76.45999908447266,78.5199966430664,10636000,0.0,0.0
2024-07-26 00:00:00-04:00,78.4800033569336,79.44999694824219,78.08000183105469,78.12999725341797,5878400,0.0,0.0
2024-07-29 00:00:00-04:00,80.05999755859375,80.12000274658203,78.33000183105469,78.36000061035156,6753900,0.0,0.0
2024-07-30 00:00:00-04:00,78.69999694824219,78.98999786376953,77.47000122070312,77.9000015258789,6480800,0.0,0.0
2024-07-31 00:00:00-04:00,79.12999725341797,79.55999755859375,78.52999877929688,79.1500015258789,5552700,0.0,0.0
2024-08-01 00:00:00-04:00,79.6500015258789,81.4000015258789,79.62000274658203,81.19999694824219,6367500,0.0,0.0
2024-08-02 00:00:00-04:00,81.5999984741211,82.01000213623047,80.83000183105469,81.80999755859375,7066600,0.0,0.0
2024-08-05 00:00:00-04:00,78.87999725341797,80.12999725341797,78.69000244140625,79.33000183105469,5730300,0.0,0.0
2024-08-06 00:00:00-04:00,78.25,79.7300033569336,78.22000122070312,79.25,4979100,0.0,0.0
2024-08-07 00:00:00-04:00,80.56999969482422,80.98500061035156,80.19999694824219,80.68000030517578,1518174,0.0,0.0
